112
gcm: 0.566324 1.05033 -0.982866
H: -4.63053 0.584888 -0.00459361
L: 0.0126389 -0.0513735 0.41536
